 |  1  2  3  4 |
 |  5  6  7  8 |
 |  9 10 11 12 |
 | 13 14 15    |

RIGHT
 |  1  2  3  4 |
 |  5  6  7  8 |
 |  9 10 11    |
 | 13 14 15 12 |

UP
 |  1  2  3  4 |
 |  5  6  7  8 |
 |  9 10    11 |
 | 13 14 15 12 |

RIGHT
 |  1  2  3  4 |
 |  5  6  7  8 |
 |  9 10 15 11 |
 | 13 14    12 |

DOWN
 |  1  2  3  4 |
 |  5  6  7  8 |
 |  9 10 15 11 |
 | 13    14 12 |

DOWN
 |  1  2  3  4 |
 |  5  6  7  8 |
 |  9    15 11 |
 | 13 10 14 12 |

LEFT
 |  1  2  3  4 |
 |  5     7  8 |
 |  9  6 15 11 |
 | 13 10 14 12 |

DOWN
 |  1  2  3  4 |
 |  5  7     8 |
 |  9  6 15 11 |
 | 13 10 14 12 |

LEFT
 |  1  2     4 |
 |  5  7  3  8 |
 |  9  6 15 11 |
 | 13 10 14 12 |

UP
 |  1  2  4    |
 |  5  7  3  8 |
 |  9  6 15 11 |
 | 13 10 14 12 |

UP
 |  1  2  4  8 |
 |  5  7  3    |
 |  9  6 15 11 |
 | 13 10 14 12 |

RIGHT
 |  1  2  4  8 |
 |  5  7  3 11 |
 |  9  6 15    |
 | 13 10 14 12 |

DOWN
 |  1  2  4  8 |
 |  5  7  3 11 |
 |  9  6    15 |
 | 13 10 14 12 |

RIGHT
 |  1  2  4  8 |
 |  5  7    11 |
 |  9  6  3 15 |
 | 13 10 14 12 |

RIGHT
 |  1  2  4  8 |
 |  5     7 11 |
 |  9  6  3 15 |
 | 13 10 14 12 |

DOWN
 |  1  2  4  8 |
 |     5  7 11 |
 |  9  6  3 15 |
 | 13 10 14 12 |

LEFT
 |     2  4  8 |
 |  1  5  7 11 |
 |  9  6  3 15 |
 | 13 10 14 12 |

LEFT
 |  2     4  8 |
 |  1  5  7 11 |
 |  9  6  3 15 |
 | 13 10 14 12 |

LEFT
 |  2  4     8 |
 |  1  5  7 11 |
 |  9  6  3 15 |
 | 13 10 14 12 |

UP
 |  2  4  8    |
 |  1  5  7 11 |
 |  9  6  3 15 |
 | 13 10 14 12 |

UP
 |  2  4  8 11 |
 |  1  5  7    |
 |  9  6  3 15 |
 | 13 10 14 12 |

RIGHT
 |  2  4  8 11 |
 |  1  5  7 15 |
 |  9  6  3    |
 | 13 10 14 12 |

UP
 |  2  4  8 11 |
 |  1  5  7 15 |
 |  9  6     3 |
 | 13 10 14 12 |

RIGHT
 |  2  4  8 11 |
 |  1  5  7 15 |
 |  9  6 14  3 |
 | 13 10    12 |

RIGHT
 |  2  4  8 11 |
 |  1  5  7 15 |
 |  9  6 14  3 |
 | 13    10 12 |

DOWN
 |  2  4  8 11 |
 |  1  5  7 15 |
 |  9  6 14  3 |
 |    13 10 12 |

DOWN
 |  2  4  8 11 |
 |  1  5  7 15 |
 |     6 14  3 |
 |  9 13 10 12 |

LEFT
 |  2  4  8 11 |
 |     5  7 15 |
 |  1  6 14  3 |
 |  9 13 10 12 |

DOWN
 |  2  4  8 11 |
 |  5     7 15 |
 |  1  6 14  3 |
 |  9 13 10 12 |

LEFT
 |  2     8 11 |
 |  5  4  7 15 |
 |  1  6 14  3 |
 |  9 13 10 12 |

UP
 |  2  8    11 |
 |  5  4  7 15 |
 |  1  6 14  3 |
 |  9 13 10 12 |

UP
 |  2  8  7 11 |
 |  5  4    15 |
 |  1  6 14  3 |
 |  9 13 10 12 |

RIGHT
 |  2  8  7 11 |
 |  5  4 14 15 |
 |  1  6     3 |
 |  9 13 10 12 |

UP
 |  2  8  7 11 |
 |  5  4 14 15 |
 |  1     6  3 |
 |  9 13 10 12 |

RIGHT
 |  2  8  7 11 |
 |  5  4 14 15 |
 |  1 13  6  3 |
 |  9    10 12 |

DOWN
 |  2  8  7 11 |
 |  5  4 14 15 |
 |  1 13  6  3 |
 |     9 10 12 |

LEFT
 |  2  8  7 11 |
 |  5  4 14 15 |
 |    13  6  3 |
 |  1  9 10 12 |

UP
 |  2  8  7 11 |
 |  5  4 14 15 |
 | 13     6  3 |
 |  1  9 10 12 |

LEFT
 |  2  8  7 11 |
 |  5  4 14 15 |
 | 13  9  6  3 |
 |  1    10 12 |

DOWN
 |  2  8  7 11 |
 |  5  4 14 15 |
 | 13  9  6  3 |
 |  1 10    12 |

DOWN
 |  2  8  7 11 |
 |  5  4 14 15 |
 | 13  9     3 |
 |  1 10  6 12 |

RIGHT
 |  2  8  7 11 |
 |  5  4    15 |
 | 13  9 14  3 |
 |  1 10  6 12 |

UP
 |  2  8  7 11 |
 |  5     4 15 |
 | 13  9 14  3 |
 |  1 10  6 12 |

Total Cost: 42 steps.
Total Time: 19.3639 seconds.
Total Memory: 94792068 Bytes.
Total Iterations: 2433203 iterations.
